7 7

-1 -1 26 -1 20 -1 7 -1 10 -1 -1 -1 -1 -1
-1 14 0 0  0 0  0 0  0 0 32 -1 -1 -1
-1 30 0 0  0 0  0 0  0 0  0 0  11 -1
-1 9 0 0  0 0 -1 -1 -1 9 0 0  0 0 
-1 3 0 0  0 0 9 -1 3 7 0 0  0 0 
-1 -1 -1 31 0 0  0 0  0 0  0 0  0 0 
-1 -1 -1 -1 -1 15 0 0  0 0  0 0  0 0 

Solution:
-1 -1 -1 -1 -1 -1 -1 
-1 8 3 1 2 -1 -1 
-1 9 5 6 8 2 -1 
-1 7 2 -1 -1 7 2 
-1 2 1 -1 -1 6 1 
-1 -1 9 7 2 8 5 
-1 -1 -1 2 1 9 3 

12 10

-1 -1 4 -1 14 -1 28 -1 16 -1 -1 -1 -1 -1 29 -1 40 -1 -1 -1 
-1 15 0 0  0 0  0 0  0 0 9 -1 12 8 0 0  0 0   -1 -1 
-1 37 0 0  0 0  0 0  0 0  0 0  0 0  0 0  0 0  16 -1
-1 -1 -1 11 0 0  0 0  18 30 0 0  0 0  0 0  0 0  0 0 
-1 -1 35 -1 31 14 0 0  0 0  20 -1 -1 18 0 0  0 0  0 0 
-1 34 0 0  0 0  0 0  0 0  0 0 23 -1 -1 10 0 0  0 0 
-1 6 0 0  0 0  -1 10 0 0  0 0  0 0  15 13 0 0  0 0 
-1 9 0 0  0 0 10 -1 -1 31 0 0  0 0  0 0  0 0  0 0 
-1 12 0 0  0 0  0 0 9 -1 8 13 0 0  0 0  12 -1 -1 -1
-1 22 0 0  0 0  0 0  0 0  0 0 11 14 0 0  0 0  16 -1
-1 -1 -1 40 0 0  0 0  0 0  0 0  0 0  0 0  0 0  0 0 
-1 -1 -1 7 0 0  0 0 -1 -1 -1 22 0 0  0 0  0 0  0 0 

Solution:
-1 -1 -1 -1 -1 -1 -1 -1 -1 -1 
-1 3 1 2 9 -1 -1 7 1 -1 
-1 1 6 9 7 2 3 5 4 -1 
-1 -1 7 4 -1 7 9 8 5 1 
-1 -1 -1 6 8 -1 -1 9 6 3 
-1 6 4 7 9 8 -1 -1 8 2 
-1 5 1 -1 1 3 6 -1 9 4 
-1 7 2 -1 -1 9 8 1 7 6 
-1 8 3 1 -1 -1 9 4 -1 -1 
-1 9 7 3 1 2 -1 5 9 -1 
-1 -1 9 4 8 6 3 2 1 7 
